[2026-07-13 20:26:26] [/bin/sh]: I0713 20:26:26.466590      38 base_general_rank.go:131] [INFO]	requestId=14f81ed7-8cf0-41fc-a20d-c7b977d1c74d	module=general_rank	tag=rank_input	part=1/10	count=3000	item_ids=[574568306 574560497 574548393 574532630 574554950 574537733 574111707 572102579 572776708 573320796 574334694 573251869 571858335 573410419 573599719 574552670 574534156 573975769 573078577 574043189 574277602 573442292 569977389 574473101 574356114 574080511 573422792 574460446 574568281 574552888 574515159 574524390 574464593 574522467 574373186 572316572 572585429 574512425 571510246 574259302 573126060 572777214 574056471 574283466 574249584 574043476 574528216 574126370 569702120 574274978 574568136 574524897 574538980 574525535 574484163 574113094 571941272 574280770 574525948 574363431 574271988 574444822 571785109 574534743 572562398 572472587 572238257 574511046 572721396 574044943 574216965 573993985 574537446 573842013 574033747 574022763 574551340 574111958 574008414 574516081 574425874 573319387 574465851 573133285 571838862 574537550 573820973 574346608 574215897 574476347 574192417 574346438 574535424 574252791 574356563 574556191 574567970 574476054 574032749 574481229 574556116 574268569 573808536 574185306 574344183 554155725 574173325 572237551 571488394 574536587 573864856 574552438 574365347 572720355 574259801 574258859 19490202 574275000 574525524 572986772 574567921 573670402 574561854 574358494 573676758 574086562 573962649 571714184 574478530 573755178 572235618 573341082 574085722 574474124 574267899 574548444 574456049 574216110 574567327 574117998 574527574 571322285 574042392 574442119 571699464 574509639 562089700 574377289 574265182 574476192 574536056 574259163 574144787 574320794 574567436 574469590 574314605 574329313 571490652 574024386 574467662 571501593 574540458 573728416 574305110 573777365 574079860 561659453 574567470 574285615 574471927 573344725 572479122 574274041 572489096 572264705 574478535 573708134 572599245 574426270 571878799 574537658 569980851 573783964 574303526 574300186 574342213 574450339 574261568 574567579 574082001 574531395 574268930 574219136 574366116 574255553 573826074 574522409 574464000 574466179 574457747 573161416 19076475 570510879 571743762 573728644 572266327 574191849 574214103 574220409 573835579 574503772 572783206 574547408 572858590 574516851 574527898 572462257 574247798 574208519 574567633 574190679 574338697 574267434 574547425 574115457 572957314 574281734 574523037 574446494 574480413 574445416 572182002 574535331 558237241 574537802 574534191 574118540 574209226 574443379 571391718 574249976 574281277 573979909 573154483 574415395 574249282 574567665 573942537 574134690 574495267 574275956 574240922 574474546 574527153 574536285 574530208 574329205 572756723 571371253 574550794 574086434 573719160 574218807 574265105 574350747 574567817 574414652 574112543 574437730 574148539 574214486 574496680 573948198 574472425 573810614 574526689 574225138 571507465 574524945 574298370 574387213 572113573 574492810 574445875 574210671 574199110 574246881 574567660 572540038 574121243 574111866 574108179 574482564 574535676 574525589 574527823 573824214 574087777 574473574]
[2026-07-13 20:26:26] [/bin/sh]: I0713 20:26:26.466648      38 base_general_rank.go:131] [INFO]	requestId=14f81ed7-8cf0-41fc-a20d-c7b977d1c74d	module=general_rank	tag=rank_input	part=2/10	count=3000	item_ids=[571811646 574494550 20099426 574509231 574260474 574267843 574568322 574524461 574317934 574538736 574340874 574514944 573990795 573963261 574035866 574353211 574519772 573961350 572553706 574537159 574524711 574525129 574242256 574006697 574566864 574526516 574306737 574455453 574357143 574302814 574043072 574524057 574184975 574458364 574525949 574116152 559661066 574250299 572268292 574051882 574566923 574537666 19089915 574043454 572611809 574458945 572604046 574476722 574102142 574478560 574334148 573081034 572851936 574519309 574366418 574557990 574536066 574567109 572196335 574328825 574109948 20226065 574264086 574514674 574499056 574522760 574481466 574355594 574511680 572587680 574527195 574446051 574541779 574544971 574567203 574347823 574379903 574079198 571508600 573760884 574551020 573798697 574481532 560310904 574101441 574524275 573340808 574525585 574109718 574525870 574115865 574567167 574015661 573480098 574476573 574523927 572435887 574546739 574552284 574092459 574018905 574554098 574472793 574058798 574528040 574466044 574538804 574112741 574481887 573769821 574252886 574377872 572320596 574526367 574348694 574007301 574566673 574471503 574453635 574551227 574266495 574243820 573978048 574468379 574508031 573078967 574272575 574524104 573241195 574537103 574496384 574042892 574566768 574534484 574185192 574226892 571529898 573953378 574551079 574124541 574523626 573020987 574423544 574498606 572048410 574505359 574474775 574509740 574566492 574048247 574278549 574483834 555992170 574262865 572751883 574250111 574528490 574286725 573978305 574452967 572491450 574453045 574330796 574071918 574566352 574547245 574224913 574226001 574047831 574205571 572235331 574547311 574206026 573490228 574269804 574457017 572602180 574206915 574442362 574104854 574566555 574037203 574294497 574115696 574468658 574101366 574547926 574238381 573657755 574530234 571715462 574490321 571850835 574526052 574364979 574469236 574566583 574084158 571483821 574216374 574134309 574208354 574188465 573591496 574208299 574463568 574482681 574372260 572550007 574442695 574363235 574539823 574566493 574532311 574525690 574468059 571849861 574319936 574528031 574546722 574527766 574057160 574488962 574440843 572541536 572749758 574358633 574055543 574565862 572708387 574555484 574102307 574375971 574521441 574094676 573843730 574508073 574512020 573933062 574205487 571545131 574538594 572505857 574217764 574565877 574523046 574079745 574478377 574266849 574295860 574008984 572488010 574469775 561099476 574472204 574212455 571210445 574532457 574512118 574208187 574565897 572261297 574462840 574212705 572781296 573874669 574497596 574281197 574549362 574282385 574043709 574451259 573446631 574541629 574127855 574481520 574565913 574532881 572993663 574210312 571558584 574101451 573760544 574466938 574482055 574217432 573820672 574523167 572722843 574527812 574538233 574481317 574566086 573683645 574327579 574536739 571556576 574259694 574511542 572786599]
[2026-07-13 20:26:26] [/bin/sh]: I0713 20:26:26.466707      38 base_general_rank.go:131] [INFO]	requestId=14f81ed7-8cf0-41fc-a20d-c7b977d1c74d	module=general_rank	tag=rank_input	part=3/10	count=3000	item_ids=[574546724 574220637 572850580 574510481 571519509 574546787 574275313 574264210 574566163 574455303 574524780 574230310 574270190 574127124 574254751 574565938 574443795 574540833 574551381 574319741 571802039 574513103 571805631 574311655 574120942 573802346 574465704 574377759 573154039 574511579 574565127 574530468 18384798 574363749 572382466 572590459 574425619 574523311 574536837 573725687 574522184 574466809 573784824 574508851 574565272 574471222 574216395 574475116 574472505 574250970 574526001 574527237 574003617 574515896 573826226 574530618 573966586 574480455 574565282 556196734 570736018 574160436 574506097 574244423 574468980 574121887 574458271 573688460 574361278 574485545 572382022 555825235 574565360 574343261 563308799 571334838 574348879 574140666 573975228 573667876 574482642 574257588 574446976 574530837 571404959 574515462 574565400 574482702 574351255 574480006 574109221 574484244 574539612 574557703 574025053 574449493 574325187 574447423 572480815 574433554 574565504 574521649 574117234 574364565 574348226 574113703 574235336 574075308 574523412 574480172 574390029 573740718 571327541 574328678 574565526 567124162 574289504 574113976 574524976 574262536 574102472 574527673 574104291 573708267 574219821 574208058 572853943 574552696 574565680 574476343 557285815 574508170 571621803 574505534 574060842 574547221 571708739 574527309 574505221 574451962 573782616 574565675 574497664 574276106 574525001 572855167 573713947 574529098 574227754 574461331 574262913 574332374 574492297 571453291 574565725 574519922 574444678 574510779 574519728 572788369 572587555 574459235 574522848 572587741 574104146 574337121 572844135 574564697 574090261 574443436 574524697 573945465 574526949 574543540 574523909 574332921 574004373 574257212 574372499 572699390 574564726 574528026 573472504 574353455 572605088 574524993 574548010 572516968 574481856 574514157 573046461 574523977 571755150 574564761 574205680 573369430 574250367 573471369 574547045 574363016 574085692 574529753 573104530 574458910 573836802 572119794 574564829 574265175 574328523 574480136 574249482 574226188 572047345 573758811 574536889 19255062 574256548 574444880 571625376 574564879 574458570 554775737 574498033 568125453 574535765 572560901 574458334 574268138 572606646 574112161 574507667 572217105 574565058 574246701 574548283 574499233 572463672 573964523 573664959 573402817 574318818 574349565 574470382 574442372 572457748 574565022 574126099 574104029 574212473 572974867 574274243 574348409 574184525 574530859 574272824 574112416 574437641 571379581 574564602 574440373 569798191 574533670 572539761 573456135 571511660 574251125 574512751 555079118 573403739 574520421 571640993 574564217 574359307 572572703 574441522 572989065 573746615 574541553 574255270 574503408 574331870 574099185 574471159 573113371 574564380 574369253 574511916 574547458 571864146 574458923 572858246 574277115 574523742 574517493 574094951 574488896 571839803 573811534 574472420 574527439]
[2026-07-13 20:26:26] [/bin/sh]: I0713 20:26:26.466747      38 base_general_rank.go:131] [INFO]	requestId=14f81ed7-8cf0-41fc-a20d-c7b977d1c74d	module=general_rank	tag=rank_input	part=4/10	count=3000	item_ids=[574322162 574505873 573955416 574510250 574327619 574299134 573800318 572725466 574020690 573782802 574560999 574508904 571024559 574388900 573971571 574508469 572362502 574469392 574189509 574251002 573702560 574444882 573786392 574563913 574471618 574059751 573552065 574552492 574467207 574506616 574462773 574531793 574363183 574505682 574005909 572459449 574564149 574552789 566850252 574213542 574372091 573402498 574205980 572633021 574033385 574261547 574524832 574502027 571255456 574563645 574342997 574218791 574527666 18797531 574501180 573069210 574053812 574108226 574444052 574267772 574521631 572038738 574563759 567793471 573269680 573735652 572481185 574502823 574476774 574499969 574465037 573353644 572088440 573054354 571930206 574563961 574112687 574552425 574518027 556180422 574469440 574348724 574218492 574098181 574253349 574188437 574404872 572571508 574564071 574337607 571809231 574472369 574331865 574540896 574376204 574047320 574473138 574497099 574459141 574525912 572229182 574561636 574448711 562176018 574516858 574360791 574305036 574547036 574256843 574255032 574081544 573139548 574494264 572137385 574563194 574131488 574547424 574532749 571628730 574463336 572713247 574261135 574266825 574483264 572773716 574391730 571809229 574563091 574354529 574101566 574538051 574528287 574471620 574552779 574483359 574465684 574274648 574427540 574380687 572498912 574563160 574468525 574507119 574481859 573287305 574503393 574265174 572795839 574269215 574371919 574516931 574423220 572062131 574563250 574499679 574450250 574211218 572770043 574258162 574418764 574479386 574024694 574220479 574428908 573977882 571507155 574562115 574012756 572776964 574511621 572979972 573959338 574529924 574282312 574433321 573110457 572988947 574376990 571873619 574562473 574354673 573098204 574525228 571968171 574527858 572762569 574231368 574347420 574527801 574467704 573754322 571704838 574562211 574467698 574478984 574517947 572786291 574261599 574218030 574111839 574560768 574365382 572750598 574505864 572395649 574562460 572500461 574091722 574432094 574100784 574516616 574531078 574019263 574083154 574336029 574259725 573948855 572114046 574562653 562440616 574528123 574265027 572142382 574465190 571307236 574441343 574507078 574107873 572365929 572720258 572234506 574562851 574527492 567083927 574533425 573013901 574533444 574551725 574460443 572530867 574331256 574080988 574471122 572369988 574562842 574440114 20128125 570977367 574120824 574330078 574457853 574463974 574552556 574531617 574206344 574112576 572970485 574562529 574338126 574482390 574271488 572465727 573309109 574356603 574237566 574491376 574477613 574471426 574461435 571975762 574561126 569180830 19719140 574502228 18998237 574263574 574460312 574071058 574520342 574207055 574111103 574497653 572669332 574562213 574549188 574487396 574258424 574122455 574476314 574301185 574536872 574499584 574480505 572774094 574468074 573757143 574561399 574471369 574326975 574525624]
[2026-07-13 20:26:26] [/bin/sh]: I0713 20:26:26.466784      38 base_general_rank.go:131] [INFO]	requestId=14f81ed7-8cf0-41fc-a20d-c7b977d1c74d	module=general_rank	tag=rank_input	part=5/10	count=3000	item_ids=[574379651 574112771 574118460 574481050 574483247 557020297 574508834 573308674 571291150 574559926 574358849 574294957 554110010 574552409 574483707 574546474 574480142 574525111 574443200 574421857 574490640 573020778 574560102 574298230 574545791 574459971 574536127 574102256 574190717 574333719 574273172 574270171 574043921 574284053 571981245 574560591 574327915 574214666 573759706 574315975 574377093 574227718 574476462 574336920 574460311 574482785 571801082 573495171 574561526 574542100 574135689 574277160 563644532 574468889 574227929 571590132 574471567 574213271 574205144 574514686 571515659 574561676 564011185 573663326 574480374 573394652 574316719 572229064 574317986 574562798 573066100 571514442 574383236 572706625 574561698 574518793 574303424 574111667 571512989 574118089 574426351 573834952 573953722 573317022 574056087 572490684 571843929 574561706 574322821 574456300 574527762 574462822 574355645 573389750 574236322 574526639 574448929 572780876 574424272 572496632 574561792 574350090 574103101 574523077 574308554 574498586 574204977 574524838 574520306 573030095 574221180 574524005 571612616 574561809 574509875 574211545 574548467 571514470 574535339 574246347 574414216 574256893 574277290 571472449 571716861 573795890 574494399 574465603 572479292 574536937 572008876 574523814 574217066 574047803 574505257 573972843 574229701 573963730 572135945 574561320 574479153 567784427 574537119 574538528 574553167 574112265 574043469 574478606 574533430 574481343 574493644 572303496 574561331 574465185 574531598 574514739 572956035 574227803 574210580 574006611 574507428 573559107 574524834 574529418 572114168 574561152 571490061 574527496 574362998 574227616 574274022 574217963 574373407 572801665 573132192 574427329 574523538 572454277 574561173 557735452 574163342 574514017 572304568 574547413 574270522 574045925 574517044 574340205 574329424 571809732 572898929 574561261 574339327 574118993 574523877 573295971 574100546 574542999 574495970 574502942 574247139 571715564 572721797 571719356 574323766 574329537 574252686 574532722 574336184 574530984 573961088 574051812 574472627 573730547 572996508 573978547 572992447 574561015 574242605 574540948 574490434 573753654 574102515 574524156 574470437 574393841 573705736 574114062 574466208 572465882 574560985 573758182 560849353 574086429 571797150 573818856 571371299 574179429 574091791 574485121 573018234 574526673 572972688 574560967 574540092 574450106 574536319 573158615 574477441 574313776 574194743 574118236 574524633 574106701 574494734 574209830 574560679 568132394 573295992 574527743 574097292 574470496 574249829 574404707 574305333 574463026 573753513 573946696 571484617 574560481 20069748 574257482 574473568 574224252 574063692 572818444 574240102 574109495 574456391 574442921 574527003 572530605 574560573 574545431 574546873 574524298 571399785 574270889 571575637 574115303 574178575 574007980 574101768 573407294 572977572 574560691 574484205 574184204 573042705 571571971]
[2026-07-13 20:26:26] [/bin/sh]: I0713 20:26:26.466819      38 base_general_rank.go:131] [INFO]	requestId=14f81ed7-8cf0-41fc-a20d-c7b977d1c74d	module=general_rank	tag=rank_input	part=6/10	count=3000	item_ids=[573981023 574211076 574471685 574463689 571250003 574073383 574524695 572458875 574559343 574366122 574102599 574492438 572362488 574468916 573807611 574078229 574184378 572430190 574051757 574495980 572262289 574560615 574491155 574124002 574528909 574250162 574008150 574274742 574523051 571851386 573365820 571371850 573758479 572750886 574559336 574525628 574196245 574484312 574523608 574524603 574375710 574499560 574127045 573962198 574207006 574530231 571572987 574558455 574466917 574065154 573823902 573808258 574507174 574531025 574457508 574508181 574390799 574256853 574502800 571396764 574036468 574478829 574185178 573158624 574102433 574231922 574524130 574237015 574458980 574498750 574272081 574510451 571491041 574558948 574530152 574537585 574212521 573760015 574101559 574540455 574119132 574204851 573741532 574428425 574470919 573776254 574532232 567781924 18864256 574261483 571572106 574471967 574536326 574108785 574472597 573133175 574222860 574440015 571538580 574560953 574533041 574263564 574505827 571707684 574211292 574478958 573414391 571301784 573763732 574464408 573815854 572223578 574482503 574536844 572464823 573701585 574454185 574541035 574112325 574533729 574505706 574380530 572793201 574525972 574355577 574028333 574282845 574076032 571593139 572513447 572835291 574527130 574560326 574547645 569769659 574212574 574534648 571463357 574210011 574469678 571955791 574245686 574349793 574422683 574558478 574483117 574468919 574459830 572352471 574483248 573024719 572577788 573126961 574327352 574478141 574529824 573051002 574547114 574521753 574520739 574539652 572753093 574563882 574459313 571480841 574253387 572751015 574041566 574556837 574526469 574480139 574508547 571881078 574340817 574193820 574276203 574105934 574312442 573281272 574493664 574557518 554157248 574331152 574503066 571971374 574028454 574426655 574457713 572729136 574451738 574345051 574467936 574558332 574244666 574284902 574522855 571720479 574099366 574254848 574077073 572005694 574458592 574111351 571827624 574558596 574511517 574440264 574493504 572615598 574456581 574265721 574357444 574210584 569257913 574427096 574485309 574559271 574503205 574294289 574481911 574205654 574473982 572603778 574531889 572453148 574270584 574522517 574390111 574560080 574353751 574465720 574528400 573134807 574477128 574510758 574334254 573907556 563410312 573138495 574518065 574556650 565415728 573771709 574505082 18770473 574227212 574190209 574053003 572768580 571706983 574498088 574414382 574556766 556402806 564155226 574514693 574451026 574538973 574474151 574532691 574051538 573963855 574276997 574478724 574558242 574554843 574352558 574526465 574546913 574463422 574219025 574463283 572600666 574336263 574045113 573142509 574559110 574547029 572507061 574505513 574101780 574535116 574168565 574557430 572150310 573673564 574348977 572274528 574559631 574539119 572765860 574529030 573770822 574477208 574534172 574031497 572679223 574286150 574373713 574515904]
[2026-07-13 20:26:26] [/bin/sh]: I0713 20:26:26.466852      38 base_general_rank.go:131] [INFO]	requestId=14f81ed7-8cf0-41fc-a20d-c7b977d1c74d	module=general_rank	tag=rank_input	part=7/10	count=3000	item_ids=[574106670 574496881 574135339 572453237 574487186 574556831 574041516 572491673 572777617 574523198 574497520 574532786 573133263 574457808 574460368 574559626 574268080 574348606 574531066 574161910 574512348 574526860 574030416 572120254 574285186 574440378 574559313 19278522 574100541 574470235 574555215 574278189 574522326 574510181 572724102 574227507 574197367 574559392 574359120 574211571 573771403 573808049 572044237 573978767 574112184 572987005 573417950 574424434 574482753 574225032 574506603 574053060 574558857 574095427 574501536 574461261 574500186 574322529 573790612 561022236 574559233 574524177 558315968 573811225 573359832 574565654 574490861 571572271 571462689 565001065 574533936 574520160 574546163 574469119 555966668 574497561 574525579 574468167 572149973 19376570 574558476 554195521 574134279 574465053 559756896 574170442 574525558 574372684 574118505 19836910 574558638 18281256 574108367 574533962 558231505 574111702 574524626 574197785 572553175 20264132 574554149 574511458 572295616 574390406 574111720 574533426 574007357 574254675 571509682 573175252 574557303 574527238 574546892 574489362 572602092 574529170 573925626 574081377 572473112 574110648 574555371 574239135 574331244 574468114 571515903 574525819 573867197 574344952 572133040 573336340 574555660 574246024 574202688 574528076 573094997 574454762 572495592 574102338 572315225 571075559 574556234 574218305 574519653 574510946 573176369 574483549 572057960 571491202 572143788 574112355 574077384 574359951 574248684 574513588 558241435 574257529 574509523 573774489 573816014 572271496 572705606 573462150 574557200 574198141 574262222 573953596 571071792 574471040 19394563 574197742 572715477 572808973 574327768 20253467 572708110 567408439 574040727 573283343 574249889 573807491 574557857 574043237 574549807 572568823 573314230 574507553 574351035 574475874 573023367 574557950 574131390 574358936 573792295 573201387 574516472 573706012 573286708 572051065 574557952 574532581 574200702 574469808 572234874 573319552 574318011 574522161 572710307 574557669 574345935 572808055 574547016 574507518 574036160 574105138 574036024 572106935 574557663 574271248 574514594 574533904 574500208 574520527 570752368 574527210 572630435 574554802 574452828 571794092 574512700 571485731 574510445 574089029 573815600 573813845 574557205 574532299 574522873 574463034 572759351 574466152 574046978 574522523 572552567 574557295 574506465 574459558 574463611 571641083 574298055 574260624 574530646 573238372 573381157 574208527 20229900 574524662 19724941 574259350 574119572 574526980 573317985 573376999 572749852 574196686 574542574 572215005 574479603 565382534 574333318 572449199 574557081 574525290 573063757 574514463 572469976 574523531 574238758 574111848 572635174 574553200 562805142 574339598 574466814 574508404 574453484 574495891 572522404 572739824 574557182 570979558 574241607 574151422 574556016 574518238 574139005 574316899 573559892 574556832 574202831 574264838]
[2026-07-13 20:26:26] [/bin/sh]: I0713 20:26:26.466888      38 base_general_rank.go:131] [INFO]	requestId=14f81ed7-8cf0-41fc-a20d-c7b977d1c74d	module=general_rank	tag=rank_input	part=8/10	count=3000	item_ids=[574453963 572712316 574101351 574331028 574092664 572278345 574556873 574089945 574464614 574554304 572561056 574227514 574273076 574091968 572031985 574556932 573403615 574227847 574285675 571862518 574563464 574286463 574226932 572097263 574547770 574535146 574221958 574484604 574130259 574454837 574263701 574257031 573806500 574548025 574185244 574037918 574519845 574099839 574518337 574226536 574365745 573689024 574552373 574220247 574087193 574511763 574107111 574482277 574221692 573961538 572206976 574553117 573124150 574544788 573069793 574550398 574006946 574108484 574207454 573363045 574553321 574107308 574329314 574470934 572983458 574126704 574107421 574444660 572491412 574553355 574536985 574276342 574329820 574119410 574525655 572716713 574250470 572725131 574553884 20040430 574191494 574141144 573808328 574265500 574339688 574091973 572745578 574553956 19814066 574506133 574533206 574348282 574482860 572070542 574208665 571706240 574553139 554157611 574223605 574386651 573911729 574513941 17820549 574304233 572655273 574554204 574528197 571976304 574465807 571600702 574512264 573250274 573091984 574110481 574556649 574265131 574082900 574102821 574108346 574466261 574512820 574373503 572592920 574556447 574514192 19720027 574211583 571047514 574514828 574232863 574250063 573831783 574556661 574509291 574195947 573713419 571898661 574472722 574281433 574214280 572536297 574556255 574482612 571053135 558246701 572968536 574215321 574525491 573777179 572021980 574556378 574265961 574137399 574525011 572055390 574512040 574361742 572707794 572025296 574488004 574342353 574510235 574542858 571225749 574400491 574509993 574274958 572966908 574556273 574234572 571400820 573127241 573717966 574370960 574258092 574467431 574549497 574538591 573938619 572721269 572716160 574381367 574119388 574234109 571710934 574526146 573355907 574048900 572268738 574239702 574267979 574547080 554598809 574502379 574027393 574376465 573776636 574371548 574111908 574504212 574552897 574479682 573309233 574111957 571483978 574544378 574553639 574284123 561399992 574470337 574269938 574082375 574246997 574031491 574173318 574369813 573820767 574521443 574287796 573766902 573418536 574550787 574492412 574528200 559670031 574517539 574529517 574201329 572462853 567420591 573749492 573388973 571708789 574541326 574281586 574245612 573479788 574103654 574339247 574324412 574089450 574088930 574481756 574477638 572712573 574205767 574532710 574351627 573353039 574560434 574335643 574459418 573725912 574452926 574260437 574380231 570970576 574495561 574111804 574304692 571796043 574255786 574487201 572759147 574011892 574268992 569797817 574236541 573251885 574519018 574522921 574515919 574263803 574238962 574482993 574477029 572561267 573294299 574517990 574456184 574520861 574524357 573758070 573965336 573761937 574248279 574549203 574283345 574527811 574494653 574500980 574257477 572105862 574205867 574213783 574026177 574552414 574512558 572378101 574101186]
[2026-07-13 20:26:26] [/bin/sh]: I0713 20:26:26.466922      38 base_general_rank.go:131] [INFO]	requestId=14f81ed7-8cf0-41fc-a20d-c7b977d1c74d	module=general_rank	tag=rank_input	part=9/10	count=3000	item_ids=[572528439 574448078 574318706 574537379 572876999 574273666 574345516 574468147 573312266 574082112 574462013 574516683 574022845 574439822 574106506 573974936 573851039 574314398 574405872 574538013 574547056 573396359 574101270 574526739 571749806 573362345 574342946 574275765 19999407 574512749 573288492 574463197 571230916 574545886 574313140 574536874 573761928 574218045 572059719 574037382 572368228 574360728 574317201 573682062 572114261 574080607 571484023 574448899 572400043 574216064 574542512 574531083 571510160 574268533 574233212 574049106 573172331 574257688 574439192 574547040 568137521 574345699 574468250 574276490 571537983 574451812 573964592 571780272 572032337 574518936 574237972 572513253 574552931 574531626 574537246 572697619 574215390 574249548 572365763 574527081 574126995 574501230 572599991 574466707 574272342 572974991 19256146 574423834 574552747 574113230 574510934 574522353 572673703 573971532 574463758 574109311 573681564 574527590 574535788 574101540 572707993 574528345 574534095 574213647 574525873 574380488 571786712 573282804 574530783 574467468 572841316 574246735 574112667 572461659 574340592 574425554 574531891 574036167 574236808 574539445 571506201 574557558 572976104 574045602 574336919 573768154 574215937 573119525 574272725 571556477 574211615 574478415 573140032 573612405 573354216 574550459 573317025 574527144 574055905 574475184 574287457 572794948 574523797 574105748 573854040 572700428 574478673 570029191 573821237 574280538 574536827 574465114 574373020 574242014 19222754 571514179 563984395 573799824 574538297 572987617 574312852 574087549 573764321 574270054 574468416 574479247 574355836 572749284 573282868 572790176 574120069 574096999 574525204 574081170 574565269 573346410 572235228 574124939 574267613 574248559 574518072 574254476 573319351 571704520 571306405 574511993 573348867 574050747 574558708 574461854 573280658 574042191 556598387 574441794 574502456 573077671 574106340 572477390 574263904 574191797 574459423 574461487 572725231 574546349 572779621 573057570 573279367 574527818 574452191 574029326 574107286 574265257 574274793 574522712 574201173 573770753 574075180 574522102 572727041 573144379 572119754 574520823 574108308 573245658 573454889 572957423 574064775 574462800 574513826 574259611 572328574 574082823 574328522 574524690 572035816 571601270 574113436 573872805 573942893 572565144 572354863 574327562 573080554 574436784 572511584 574521585 574112086 573332198 573135826 574108873 574143771 573464289 573673487 574269683 574248534 574462521 572979326 574376198 574510679 574498051 573820327 574265334 574421565 573466610 572474936 574455181 574244271 574109461 573391498 574087745 572946636 574472056 573900138 574376386 572462574 574503213 572846023 574471397 572718336 574488298 572708055 574444999 574103515 574439188 573375914 564796080 573832942 574185535 572981789 574534363 572508999 574527301 573975535 571066947 574280034 574458925 572284063 574503640 574478097 574553638]
[2026-07-13 20:26:26] [/bin/sh]: I0713 20:26:26.466957      38 base_general_rank.go:131] [INFO]	requestId=14f81ed7-8cf0-41fc-a20d-c7b977d1c74d	module=general_rank	tag=rank_input	part=10/10	count=3000	item_ids=[573061503 571780498 574527686 574504561 572814177 574517532 572358241 574517124 572291775 574285591 573039238 574516283 572859546 574307285 573312682 574542942 574117216 19503646 573935972 573932632 574220249 574371288 574084484 574257286 573780653 574348806 20088573 574365713 573129084 574328069 573962658 573767628 572860964 574553140 572537572 574540332 573968506 564749727 574210103 574495852 573750973 574526716 573699530 574509160 574025029 20012505 572719477 574529547 572285817 574273129 573426032 574102369 571919604 574454963 568057467 574563543 571527955 574470171 574284335 574475821 573457121 574440464 574481077 574551791 571725677 574282308 574273657 574334387 573294171 574110995 574119929 574455352 572372285 574480920 574550522 574512541 574142684 562442040 574257907 574507650 573769006 574534192 574468024 574527726 573762137 569585818 574482131 574465792 573356975 574210183 574533255 574499030 572275659 570831631 574476618 574500772 572326066 574512987 574523177 574525550 572748375 574150140 574480610 572671557 572958769 574528043 574031277 574475560 574105812 574198779 574448730 574507509 574353034 574535488 573334500 574361343 573171133 574454378 573089296 574472375 572721621 574339126 574121449 574297423 573269779 573955364 572105044 573755258 574114584 559389616 573798705 574508441 572373371 574481637 573365577 574516282 572573832 574221447 572784562 574470982 571453589 574273765 574288396 574102728 573169017 574122282 572981485 574458817 573944089 574432486 572753210 562895839 574522488 574139192 574536003 574191338 574333808 574425342 574505530 573038949 574420329 574498589 574186406 574346472 574331008 573457763 573739514 574269327 572474924 563607539 574529262 572818586 574255731 574244769 573060452 574470306 574440181 573991371 574275972 574472551 572507923 574255679 574227312 572585645 571837496 574515543 571576667 574452402 574463749 573363035 574435167 571965210 572931281 574120894 574333843 574012808 574529945 572609054 572893374 571280867 573939780 571521619 20087120 573363942 572239558 574545545 561848506 572755475 565723802 573005948 573254222 574474152 574467301 573495464 574185162 572225857 571829511 574337664 574100130 574201408 574515939 571012143 571725866 19087646 558242827 572971615 574473380 557205318 571279061 573120029 573755762 574013153 574479891 559096205 573896813 571723952 574482583 573017022 574228409 574276894 572522371 572268592 572851576 574218775 573092039 18431721 573969410 574252480 574357220 572214525 574511215 574527454 571558477 573056904 573964034 573805957 574532813 574196431 572725802 574521062 574067000 572806671 574057688 574443698 574221734 574354637 574467094 572751971 574530437 572793159 574346770 574500883 574191742 572840000 19522330 574464390 572301140 574459036 572924952 572509911 574191152 574377290 572776662 574463507 574422017 574071252 574525685 574353932 571793137 574545390 573810425 574103970 574547054 574521070 573700067 574520578 574288635 572268664 574247424 574541525]

'17820549', '18281256', '18384798', '18431721', '18770473', '18797531', '18864256', '18998237', '19076475', '19087646', '19089915', '19222754', '19255062', '19256146', '19278522', '19376570', '19394563', '19490202', '19503646', '19522330', '19719140', '19720027', '19724941', '19814066', '19836910', '19999407', '20012505', '20040430', '20069748', '20087120', '20088573', '20099426', '20128125', '20226065', '20229900', '20253467', '20264132', '554110010', '554155725', '554157248', '554157611', '554195521', '554598809', '554775737', '555079118', '555825235', '555966668', '555992170', '556180422', '556196734', '556402806', '556598387', '557020297', '557205318', '557285815', '557735452', '558231505', '558237241', '558241435', '558242827', '558246701', '558315968', '559096205', '559389616', '559661066', '559670031', '559756896', '560310904', '560849353', '561022236', '561099476', '561399992', '561659453', '561848506', '562089700', '562176018', '562440616', '562442040', '562805142', '562895839', '563308799', '563410312', '563607539', '563644532', '563984395', '564011185', '564155226', '564749727', '564796080', '565001065', '565382534', '565415728', '565723802', '566850252', '567083927', '567124162', '567408439', '567420591', '567781924', '567784427', '567793471', '568057467', '568125453', '568132394', '568137521', '569180830', '569257913', '569585818', '569702120', '569769659', '569797817', '569798191', '569977389', '569980851', '570029191', '570510879', '570736018', '570752368', '570831631', '570970576', '570977367', '570979558', '571012143', '571024559', '571047514', '571053135', '571066947', '571071792', '571075559', '571210445', '571225749', '571230916', '571250003', '571255456', '571279061', '571280867', '571291150', '571301784', '571306405', '571307236', '571322285', '571327541', '571334838', '571371253', '571371299', '571371850', '571379581', '571391718', '571396764', '571399785', '571400820', '571404959', '571453291', '571453589', '571462689', '571463357', '571472449', '571480841', '571483821', '571483978', '571484023', '571484617', '571485731', '571488394', '571490061', '571490652', '571491041', '571491202', '571501593', '571506201', '571507155', '571507465', '571508600', '571509682', '571510160', '571510246', '571511660', '571512989', '571514179', '571514442', '571514470', '571515659', '571515903', '571519509', '571521619', '571527955', '571529898', '571537983', '571538580', '571545131', '571556477', '571556576', '571558477', '571558584', '571571971', '571572106', '571572271', '571572987', '571575637', '571576667', '571590132', '571593139', '571600702', '571601270', '571612616', '571621803', '571625376', '571628730', '571640993', '571641083', '571699464', '571704520', '571704838', '571706240', '571706983', '571707684', '571708739', '571708789', '571710934', '571714184', '571715462', '571715564', '571716861', '571719356', '571720479', '571723952', '571725677', '571725866', '571743762', '571749806', '571755150', '571780272', '571780498', '571785109', '571786712', '571793137', '571794092', '571796043', '571797150', '571801082', '571802039', '571805631', '571809229', '571809231', '571809732', '571811646', '571827624', '571829511', '571837496', '571838862', '571839803', '571843929', '571849861', '571850835', '571851386', '571858335', '571862518', '571864146', '571873619', '571878799', '571881078', '571898661', '571919604', '571930206', '571941272', '571955791', '571965210', '571968171', '571971374', '571975762', '571976304', '571981245', '572005694', '572008876', '572021980', '572025296', '572031985', '572032337', '572035816', '572038738', '572044237', '572047345', '572048410', '572051065', '572055390', '572057960', '572059719', '572062131', '572070542', '572088440', '572097263', '572102579', '572105044', '572105862', '572106935', '572113573', '572114046', '572114168', '572114261', '572119754', '572119794', '572120254', '572133040', '572135945', '572137385', '572142382', '572143788', '572149973', '572150310', '572182002', '572196335', '572206976', '572214525', '572215005', '572217105', '572223578', '572225857', '572229064', '572229182', '572234506', '572234874', '572235228', '572235331', '572235618', '572237551', '572238257', '572239558', '572261297', '572262289', '572264705', '572266327', '572268292', '572268592', '572268664', '572268738', '572271496', '572274528', '572275659', '572278345', '572284063', '572285817', '572291775', '572295616', '572301140', '572303496', '572304568', '572315225', '572316572', '572320596', '572326066', '572328574', '572352471', '572354863', '572358241', '572362488', '572362502', '572365763', '572365929', '572368228', '572369988', '572372285', '572373371', '572378101', '572382022', '572382466', '572395649', '572400043', '572430190', '572435887', '572449199', '572453148', '572453237', '572454277', '572457748', '572458875', '572459449', '572461659', '572462257', '572462574', '572462853', '572463672', '572464823', '572465727', '572465882', '572469976', '572472587', '572473112', '572474924', '572474936', '572477390', '572479122', '572479292', '572480815', '572481185', '572488010', '572489096', '572490684', '572491412', '572491450', '572491673', '572495592', '572496632', '572498912', '572500461', '572505857', '572507061', '572507923', '572508999', '572509911', '572511584', '572513253', '572513447', '572516968', '572522371', '572522404', '572528439', '572530605', '572530867', '572536297', '572537572', '572539761', '572540038', '572541536', '572550007', '572552567', '572553175', '572553706', '572560901', '572561056', '572561267', '572562398', '572565144', '572568823', '572571508', '572572703', '572573832', '572577788', '572585429', '572585645', '572587555', '572587680', '572587741', '572590459', '572592920', '572599245', '572599991', '572600666', '572602092', '572602180', '572603778', '572604046', '572605088', '572606646', '572609054', '572611809', '572615598', '572630435', '572633021', '572635174', '572655273', '572669332', '572671557', '572673703', '572679223', '572697619', '572699390', '572700428', '572705606', '572706625', '572707794', '572707993', '572708055', '572708110', '572708387', '572710307', '572712316', '572712573', '572713247', '572715477', '572716160', '572716713', '572718336', '572719477', '572720258', '572720355', '572721269', '572721396', '572721621', '572721797', '572722843', '572724102', '572725131', '572725231', '572725466', '572725802', '572727041', '572729136', '572739824', '572745578', '572748375', '572749284', '572749758', '572749852', '572750598', '572750886', '572751015', '572751883', '572751971', '572753093', '572753210', '572755475', '572756723', '572759147', '572759351', '572762569', '572765860', '572768580', '572770043', '572773716', '572774094', '572776662', '572776708', '572776964', '572777214', '572777617', '572779621', '572780876', '572781296', '572783206', '572784562', '572786291', '572786599', '572788369', '572790176', '572793159', '572793201', '572794948', '572795839', '572801665', '572806671', '572808055', '572808973', '572814177', '572818444', '572818586', '572835291', '572840000', '572841316', '572844135', '572846023', '572850580', '572851576', '572851936', '572853943', '572855167', '572858246', '572858590', '572859546', '572860964', '572876999', '572893374', '572898929', '572924952', '572931281', '572946636', '572956035', '572957314', '572957423', '572958769', '572966908', '572968536', '572970485', '572971615', '572972688', '572974867', '572974991', '572976104', '572977572', '572979326', '572979972', '572981485', '572981789', '572983458', '572986772', '572987005', '572987617', '572988947', '572989065', '572992447', '572993663', '572996508', '573005948', '573013901', '573017022', '573018234', '573020778', '573020987', '573023367', '573024719', '573030095', '573038949', '573039238', '573042705', '573046461', '573051002', '573054354', '573056904', '573057570', '573060452', '573061503', '573063757', '573066100', '573069210', '573069793', '573077671', '573078577', '573078967', '573080554', '573081034', '573089296', '573091984', '573092039', '573094997', '573098204', '573104530', '573110457', '573113371', '573119525', '573120029', '573124150', '573126060', '573126961', '573127241', '573129084', '573132192', '573133175', '573133263', '573133285', '573134807', '573135826', '573138495', '573139548', '573140032', '573142509', '573144379', '573154039', '573154483', '573158615', '573158624', '573161416', '573169017', '573171133', '573172331', '573175252', '573176369', '573201387', '573238372', '573241195', '573245658', '573250274', '573251869', '573251885', '573254222', '573269680', '573269779', '573279367', '573280658', '573281272', '573282804', '573282868', '573283343', '573286708', '573287305', '573288492', '573294171', '573294299', '573295971', '573295992', '573308674', '573309109', '573309233', '573312266', '573312682', '573314230', '573317022', '573317025', '573317985', '573319351', '573319387', '573319552', '573320796', '573332198', '573334500', '573336340', '573340808', '573341082', '573344725', '573346410', '573348867', '573353039', '573353644', '573354216', '573355907', '573356975', '573359832', '573362345', '573363035', '573363045', '573363942', '573365577', '573365820', '573369430', '573375914', '573376999', '573381157', '573388973', '573389750', '573391498', '573394652', '573396359', '573402498', '573402817', '573403615', '573403739', '573407294', '573410419', '573414391', '573417950', '573418536', '573422792', '573426032', '573442292', '573446631', '573454889', '573456135', '573457121', '573457763', '573462150', '573464289', '573466610', '573471369', '573472504', '573479788', '573480098', '573490228', '573495171', '573495464', '573552065', '573559107', '573559892', '573591496', '573599719', '573612405', '573657755', '573663326', '573664959', '573667876', '573670402', '573673487', '573673564', '573676758', '573681564', '573682062', '573683645', '573688460', '573689024', '573699530', '573700067', '573701585', '573702560', '573705736', '573706012', '573708134', '573708267', '573713419', '573713947', '573717966', '573719160', '573725687', '573725912', '573728416', '573728644', '573730547', '573735652', '573739514', '573740718', '573741532', '573746615', '573749492', '573750973', '573753513', '573753654', '573754322', '573755178', '573755258', '573755762', '573757143', '573758070', '573758182', '573758479', '573758811', '573759706', '573760015', '573760544', '573760884', '573761928', '573761937', '573762137', '573763732', '573764321', '573766902', '573767628', '573768154', '573769006', '573769821', '573770753', '573770822', '573771403', '573771709', '573774489', '573776254', '573776636', '573777179', '573777365', '573780653', '573782616', '573782802', '573783964', '573784824', '573786392', '573790612', '573792295', '573795890', '573798697', '573798705', '573799824', '573800318', '573802346', '573805957', '573806500', '573807491', '573807611', '573808049', '573808258', '573808328', '573808536', '573810425', '573810614', '573811225', '573811534', '573813845', '573815600', '573815854', '573816014', '573818856', '573820327', '573820672', '573820767', '573820973', '573821237', '573823902', '573824214', '573826074', '573826226', '573831783', '573832942', '573834952', '573835579', '573836802', '573842013', '573843730', '573851039', '573854040', '573864856', '573867197', '573872805', '573874669', '573896813', '573900138', '573907556', '573911729', '573925626', '573932632', '573933062', '573935972', '573938619', '573939780', '573942537', '573942893', '573944089', '573945465', '573946696', '573948198', '573948855', '573953378', '573953596', '573953722', '573955364', '573955416', '573959338'
'573961088', '573961350', '573961538', '573962198', '573962649', '573962658', '573963261', '573963730', '573963855', '573964034', '573964523', '573964592', '573965336', '573966586', '573968506', '573969410', '573971532', '573971571', '573972843', '573974936', '573975228', '573975535', '573975769', '573977882', '573978048', '573978305', '573978547', '573978767', '573979909', '573981023', '573990795', '573991371', '573993985', '574003617', '574004373', '574005909', '574006611', '574006697', '574006946', '574007301', '574007357', '574007980', '574008150', '574008414', '574008984', '574011892', '574012756', '574012808', '574013153', '574015661', '574018905', '574019263', '574020690', '574022763', '574022845', '574024386', '574024694', '574025029', '574025053', '574026177', '574027393', '574028333', '574028454', '574029326', '574030416', '574031277', '574031491', '574031497', '574032749', '574033385', '574033747', '574035866', '574036024', '574036160', '574036167', '574036468', '574037203', '574037382', '574037918', '574040727', '574041516', '574041566', '574042191', '574042392', '574042892', '574043072', '574043189', '574043237', '574043454', '574043469', '574043476', '574043709', '574043921', '574044943', '574045113', '574045602', '574045925', '574046978', '574047320', '574047803', '574047831', '574048247', '574048900', '574049106', '574050747', '574051538', '574051757', '574051812', '574051882', '574053003', '574053060', '574053812', '574055543', '574055905', '574056087', '574056471', '574057160', '574057688', '574058798', '574059751', '574060842', '574063692', '574064775', '574065154', '574067000', '574071058', '574071252', '574071918', '574073383', '574075180', '574075308', '574076032', '574077073', '574077384', '574078229', '574079198', '574079745', '574079860', '574080511', '574080607', '574080988', '574081170', '574081377', '574081544', '574082001', '574082112', '574082375', '574082823', '574082900', '574083154', '574084158', '574084484', '574085692', '574085722', '574086429', '574086434', '574086562', '574087193', '574087549', '574087745', '574087777', '574088930', '574089029', '574089450', '574089945', '574090261', '574091722', '574091791', '574091968', '574091973', '574092459', '574092664', '574094676', '574094951', '574095427', '574096999', '574097292', '574098181', '574099185', '574099366', '574099839', '574100130', '574100541', '574100546', '574100784', '574101186', '574101270', '574101351', '574101366', '574101441', '574101451', '574101540', '574101559', '574101566', '574101768', '574101780', '574102142', '574102256', '574102307', '574102338', '574102369', '574102433', '574102472', '574102515', '574102599', '574102728', '574102821', '574103101', '574103515', '574103654', '574103970', '574104029', '574104146', '574104291', '574104854', '574105138', '574105748', '574105812', '574105934', '574106340', '574106506', '574106670', '574106701', '574107111', '574107286', '574107308', '574107421', '574107873', '574108179', '574108226', '574108308', '574108346', '574108367', '574108484', '574108785', '574108873', '574109221', '574109311', '574109461', '574109495', '574109718', '574109948', '574110481', '574110648', '574110995', '574111103', '574111351', '574111667', '574111702', '574111707', '574111720', '574111804', '574111839', '574111848', '574111866', '574111908', '574111957', '574111958', '574112086', '574112161', '574112184', '574112265', '574112325', '574112355', '574112416', '574112543', '574112576', '574112667', '574112687', '574112741', '574112771', '574113094', '574113230', '574113436', '574113703', '574113976', '574114062', '574114584', '574115303', '574115457', '574115696', '574115865', '574116152', '574117216', '574117234', '574117998', '574118089', '574118236', '574118460', '574118505', '574118540', '574118993', '574119132', '574119388', '574119410', '574119572', '574119929', '574120069', '574120824', '574120894', '574120942', '574121243', '574121449', '574121887', '574122282', '574122455', '574124002', '574124541', '574124939', '574126099', '574126370', '574126704', '574126995', '574127045', '574127124', '574127855', '574130259', '574131390', '574131488', '574134279', '574134309', '574134690', '574135339', '574135689', '574137399', '574139005', '574139192', '574140666', '574141144', '574142684', '574143771', '574144787', '574148539', '574150140', '574151422', '574160436', '574161910', '574163342', '574168565', '574170442', '574173318', '574173325', '574178575', '574179429', '574184204', '574184378', '574184525', '574184975', '574185162', '574185178', '574185192', '574185244', '574185306', '574185535', '574186406', '574188437', '574188465', '574189509', '574190209', '574190679', '574190717', '574191152', '574191338', '574191494', '574191742', '574191797', '574191849', '574192417', '574193820', '574194743', '574195947', '574196245', '574196431', '574196686', '574197367', '574197742', '574197785', '574198141', '574198779', '574199110', '574200702', '574201173', '574201329', '574201408', '574202688', '574202831', '574204851', '574204977', '574205144', '574205487', '574205571', '574205654', '574205680', '574205767', '574205867', '574205980', '574206026', '574206344', '574206915', '574207006', '574207055', '574207454', '574208058', '574208187', '574208299', '574208354', '574208519', '574208527', '574208665', '574209226', '574209830', '574210011', '574210103', '574210183', '574210312', '574210580', '574210584', '574210671', '574211076', '574211218', '574211292', '574211545', '574211571', '574211583', '574211615', '574212455', '574212473', '574212521', '574212574', '574212705', '574213271', '574213542', '574213647', '574213783', '574214103', '574214280', '574214486', '574214666', '574215321', '574215390', '574215897', '574215937', '574216064', '574216110', '574216374', '574216395', '574216965', '574217066', '574217432', '574217764', '574217963', '574218030', '574218045', '574218305', '574218492', '574218775', '574218791', '574218807', '574219025', '574219136', '574219821', '574220247', '574220249', '574220409', '574220479', '574220637', '574221180', '574221447', '574221692', '574221734', '574221958', '574222860', '574223605', '574224252', '574224913', '574225032', '574225138', '574226001', '574226188', '574226536', '574226892', '574226932', '574227212', '574227312', '574227507', '574227514', '574227616', '574227718', '574227754', '574227803', '574227847', '574227929', '574228409', '574229701', '574230310', '574231368', '574231922', '574232863', '574233212', '574234109', '574234572', '574235336', '574236322', '574236541', '574236808', '574237015', '574237566', '574237972', '574238381', '574238758', '574238962', '574239135', '574239702', '574240102', '574240922', '574241607', '574242014', '574242256', '574242605', '574243820', '574244271', '574244423', '574244666', '574244769', '574245612', '574245686', '574246024', '574246347', '574246701', '574246735', '574246881', '574246997', '574247139', '574247424', '574247798', '574248279', '574248534', '574248559', '574248684', '574249282', '574249482', '574249548', '574249584', '574249829', '574249889', '574249976', '574250063', '574250111', '574250162', '574250299', '574250367', '574250470', '574250970', '574251002', '574251125', '574252480', '574252686', '574252791', '574252886', '574253349', '574253387', '574254476', '574254675', '574254751', '574254848', '574255032', '574255270', '574255553', '574255679', '574255731', '574255786', '574256548', '574256843', '574256853', '574256893', '574257031', '574257212', '574257286', '574257477', '574257482', '574257529', '574257588', '574257688', '574257907', '574258092', '574258162', '574258424', '574258859', '574259163', '574259302', '574259350', '574259611', '574259694', '574259725', '574259801', '574260437', '574260474', '574260624', '574261135', '574261483', '574261547', '574261568', '574261599', '574262222', '574262536', '574262865', '574262913', '574263564', '574263574', '574263701', '574263803', '574263904', '574264086', '574264210', '574264838', '574265027', '574265105', '574265131', '574265174', '574265175', '574265182', '574265257', '574265334', '574265500', '574265721', '574265961', '574266495', '574266825', '574266849', '574267434', '574267613', '574267772', '574267843', '574267899', '574267979', '574268080', '574268138', '574268533', '574268569', '574268930', '574268992', '574269215', '574269327', '574269683', '574269804', '574269938', '574270054', '574270171', '574270190', '574270522', '574270584', '574270889', '574271248', '574271488', '574271988', '574272081', '574272342', '574272575', '574272725', '574272824', '574273076', '574273129', '574273172', '574273657', '574273666', '574273765', '574274022', '574274041', '574274243', '574274648', '574274742', '574274793', '574274958', '574274978', '574275000', '574275313', '574275765', '574275956', '574275972', '574276106', '574276203', '574276342', '574276490', '574276894', '574276997', '574277115', '574277160', '574277290', '574277602', '574278189', '574278549', '574280034', '574280538', '574280770', '574281197', '574281277', '574281433', '574281586', '574281734', '574282308', '574282312', '574282385', '574282845', '574283345', '574283466', '574284053', '574284123', '574284335', '574284902', '574285186', '574285591', '574285615', '574285675', '574286150', '574286463', '574286725', '574287457', '574287796', '574288396', '574288635', '574289504', '574294289', '574294497', '574294957', '574295860', '574297423', '574298055', '574298230', '574298370', '574299134', '574300186', '574301185', '574302814', '574303424', '574303526', '574304233', '574304692', '574305036', '574305110', '574305333', '574306737', '574307285', '574308554', '574311655', '574312442', '574312852', '574313140', '574313776', '574314398', '574314605', '574315975', '574316719', '574316899', '574317201', '574317934', '574317986', '574318011', '574318706', '574318818', '574319741', '574319936', '574320794', '574322162', '574322529', '574322821', '574323766', '574324412', '574325187', '574326975', '574327352', '574327562', '574327579', '574327619', '574327768', '574327915', '574328069', '574328522', '574328523', '574328678', '574328825', '574329205', '574329313', '574329314', '574329424', '574329537', '574329820', '574330078', '574330796', '574331008', '574331028', '574331152', '574331244', '574331256', '574331865', '574331870', '574332374', '574332921', '574333318', '574333719', '574333808', '574333843', '574334148', '574334254', '574334387', '574334694', '574335643', '574336029', '574336184', '574336263', '574336919', '574336920', '574337121', '574337607', '574337664', '574338126', '574338697', '574339126', '574339247', '574339327', '574339598', '574339688', '574340205', '574340592', '574340817', '574340874', '574342213', '574342353', '574342946', '574342997', '574343261', '574344183', '574344952', '574345051', '574345516', '574345699', '574345935', '574346438', '574346472', '574346608', '574346770', '574347420', '574347823', '574348226', '574348282', '574348409', '574348606', '574348694', '574348724', '574348806', '574348879', '574348977', '574349565', '574349793', '574350090', '574350747', '574351035', '574351255', '574351627', '574352558', '574353034', '574353211', '574353455', '574353751', '574353932', '574354529', '574354637', '574354673', '574355577', '574355594', '574355645', '574355836', '574356114', '574356563', '574356603', '574357143', '574357220', '574357444', '574358494', '574358633', '574358849', '574358936', '574359120', '574359307', '574359951', '574360728', '574360791', '574361278', '574361343', '574361742', '574362998', '574363016', '574363183', '574363235', '574363431', '574363749', '574364565', '574364979', '574365347', '574365382', '574365713'
'574365745', '574366116', '574366122', '574366418', '574369253', '574369813', '574370960', '574371288', '574371548', '574371919', '574372091', '574372260', '574372499', '574372684', '574373020', '574373186', '574373407', '574373503', '574373713', '574375710', '574375971', '574376198', '574376204', '574376386', '574376465', '574376990', '574377093', '574377289', '574377290', '574377759', '574377872', '574379651', '574379903', '574380231', '574380488', '574380530', '574380687', '574381367', '574383236', '574386651', '574387213', '574388900', '574390029', '574390111', '574390406', '574390799', '574391730', '574393841', '574400491', '574404707', '574404872', '574405872', '574414216', '574414382', '574414652', '574415395', '574418764', '574420329', '574421565', '574421857', '574422017', '574422683', '574423220', '574423544', '574423834', '574424272', '574424434', '574425342', '574425554', '574425619', '574425874', '574426270', '574426351', '574426655', '574427096', '574427329', '574427540', '574428425', '574428908', '574432094', '574432486', '574433321', '574433554', '574435167', '574436784', '574437641', '574437730', '574439188', '574439192', '574439822', '574440015', '574440114', '574440181', '574440264', '574440373', '574440378', '574440464', '574440843', '574441343', '574441522', '574441794', '574442119', '574442362', '574442372', '574442695', '574442921', '574443200', '574443379', '574443436', '574443698', '574443795', '574444052', '574444660', '574444678', '574444822', '574444880', '574444882', '574444999', '574445416', '574445875', '574446051', '574446494', '574446976', '574447423', '574448078', '574448711', '574448730', '574448899', '574448929', '574449493', '574450106', '574450250', '574450339', '574451026', '574451259', '574451738', '574451812', '574451962', '574452191', '574452402', '574452828', '574452926', '574452967', '574453045', '574453484', '574453635', '574453963', '574454185', '574454378', '574454762', '574454837', '574454963', '574455181', '574455303', '574455352', '574455453', '574456049', '574456184', '574456300', '574456391', '574456581', '574457017', '574457508', '574457713', '574457747', '574457808', '574457853', '574458271', '574458334', '574458364', '574458570', '574458592', '574458817', '574458910', '574458923', '574458925', '574458945', '574458980', '574459036', '574459141', '574459235', '574459313', '574459418', '574459423', '574459558', '574459830', '574459971', '574460311', '574460312', '574460368', '574460443', '574460446', '574461261', '574461331', '574461435', '574461487', '574461854', '574462013', '574462521', '574462773', '574462800', '574462822', '574462840', '574463026', '574463034', '574463197', '574463283', '574463336', '574463422', '574463507', '574463568', '574463611', '574463689', '574463749', '574463758', '574463974', '574464000', '574464390', '574464408', '574464593', '574464614', '574465037', '574465053', '574465114', '574465185', '574465190', '574465603', '574465684', '574465704', '574465720', '574465792', '574465807', '574465851', '574466044', '574466152', '574466179', '574466208', '574466261', '574466707', '574466809', '574466814', '574466917', '574466938', '574467094', '574467207', '574467301', '574467431', '574467468', '574467662', '574467698', '574467704', '574467936', '574468024', '574468059', '574468074', '574468114', '574468147', '574468167', '574468250', '574468379', '574468416', '574468525', '574468658', '574468889', '574468916', '574468919', '574468980', '574469119', '574469236', '574469392', '574469440', '574469590', '574469678', '574469775', '574469808', '574470171', '574470235', '574470306', '574470337', '574470382', '574470437', '574470496', '574470919', '574470934', '574470982', '574471040', '574471122', '574471159', '574471222', '574471369', '574471397', '574471426', '574471503', '574471567', '574471618', '574471620', '574471685', '574471927', '574471967', '574472056', '574472204', '574472369', '574472375', '574472420', '574472425', '574472505', '574472551', '574472597', '574472627', '574472722', '574472793', '574473101', '574473138', '574473380', '574473568', '574473574', '574473982', '574474124', '574474151', '574474152', '574474546', '574474775', '574475116', '574475184', '574475560', '574475821', '574475874', '574476054', '574476192', '574476314', '574476343', '574476347', '574476462', '574476573', '574476618', '574476722', '574476774', '574477029', '574477128', '574477208', '574477441', '574477613', '574477638', '574478097', '574478141', '574478377', '574478415', '574478530', '574478535', '574478560', '574478606', '574478673', '574478724', '574478829', '574478958', '574478984', '574479153', '574479247', '574479386', '574479603', '574479682', '574479891', '574480006', '574480136', '574480139', '574480142', '574480172', '574480374', '574480413', '574480455', '574480505', '574480610', '574480920', '574481050', '574481077', '574481229', '574481317', '574481343', '574481466', '574481520', '574481532', '574481637', '574481756', '574481856', '574481859', '574481887', '574481911', '574482055', '574482131', '574482277', '574482390', '574482503', '574482564', '574482583', '574482612', '574482642', '574482681', '574482702', '574482753', '574482785', '574482860', '574482993', '574483117', '574483247', '574483248', '574483264', '574483359', '574483549', '574483707', '574483834', '574484163', '574484205', '574484244', '574484312', '574484604', '574485121', '574485309', '574485545', '574487186', '574487201', '574487396', '574488004', '574488298', '574488896', '574488962', '574489362', '574490321', '574490434', '574490640', '574490861', '574491155', '574491376', '574492297', '574492412', '574492438', '574492810', '574493504', '574493644', '574493664', '574494264', '574494399', '574494550', '574494653', '574494734', '574495267', '574495561', '574495852', '574495891', '574495970', '574495980', '574496384', '574496680', '574496881', '574497099', '574497520', '574497561', '574497596', '574497653', '574497664', '574498033', '574498051', '574498088', '574498586', '574498589', '574498606', '574498750', '574499030', '574499056', '574499233', '574499560', '574499584', '574499679', '574499969', '574500186', '574500208', '574500772', '574500883', '574500980', '574501180', '574501230', '574501536', '574502027', '574502228', '574502379', '574502456', '574502800', '574502823', '574502942', '574503066', '574503205', '574503213', '574503393', '574503408', '574503640', '574503772', '574504212', '574504561', '574505082', '574505221', '574505257', '574505359', '574505513', '574505530', '574505534', '574505682', '574505706', '574505827', '574505864', '574505873', '574506097', '574506133', '574506465', '574506603', '574506616', '574507078', '574507119', '574507174', '574507428', '574507509', '574507518', '574507553', '574507650', '574507667', '574508031', '574508073', '574508170', '574508181', '574508404', '574508441', '574508469', '574508547', '574508834', '574508851', '574508904', '574509160', '574509231', '574509291', '574509523', '574509639', '574509740', '574509875', '574509993', '574510181', '574510235', '574510250', '574510445', '574510451', '574510481', '574510679', '574510758', '574510779', '574510934', '574510946', '574511046', '574511215', '574511458', '574511517', '574511542', '574511579', '574511621', '574511680', '574511763', '574511916', '574511993', '574512020', '574512040', '574512118', '574512264', '574512348', '574512425', '574512541', '574512558', '574512700', '574512749', '574512751', '574512820', '574512987', '574513103', '574513588', '574513826', '574513941', '574514017', '574514157', '574514192', '574514463', '574514594', '574514674', '574514686', '574514693', '574514739', '574514828', '574514944', '574515159', '574515462', '574515543', '574515896', '574515904', '574515919', '574515939', '574516081', '574516282', '574516283', '574516472', '574516616', '574516683', '574516851', '574516858', '574516931', '574517044', '574517124', '574517493', '574517532', '574517539', '574517947', '574517990', '574518027', '574518065', '574518072', '574518238', '574518337', '574518793', '574518936', '574519018', '574519309', '574519653', '574519728', '574519772', '574519845', '574519922', '574520160', '574520306', '574520342', '574520421', '574520527', '574520578', '574520739', '574520823', '574520861', '574521062', '574521070', '574521441', '574521443', '574521585', '574521631', '574521649', '574521753', '574522102', '574522161', '574522184', '574522326', '574522353', '574522409', '574522467', '574522488', '574522517', '574522523', '574522712', '574522760', '574522848', '574522855', '574522873', '574522921', '574523037', '574523046', '574523051', '574523077', '574523167', '574523177', '574523198', '574523311', '574523412', '574523531', '574523538', '574523608', '574523626', '574523742', '574523797', '574523814', '574523877', '574523909', '574523927', '574523977', '574524005', '574524057', '574524104', '574524130', '574524156', '574524177', '574524275', '574524298', '574524357', '574524390', '574524461', '574524603', '574524626', '574524633', '574524662', '574524690', '574524695', '574524697', '574524711', '574524780', '574524832', '574524834', '574524838', '574524897', '574524945', '574524976', '574524993', '574525001', '574525011', '574525111', '574525129', '574525204', '574525228', '574525290', '574525491', '574525524', '574525535', '574525550', '574525558', '574525579', '574525585', '574525589', '574525624', '574525628', '574525655', '574525685', '574525690', '574525819', '574525870', '574525873', '574525912', '574525948', '574525949', '574525972', '574526001', '574526052', '574526146', '574526367', '574526465', '574526469', '574526516', '574526639', '574526673', '574526689', '574526716', '574526739', '574526860', '574526949', '574526980', '574527003', '574527081', '574527130', '574527144', '574527153', '574527195', '574527210', '574527237', '574527238', '574527301', '574527309', '574527439', '574527454', '574527492', '574527496', '574527574', '574527590', '574527666', '574527673', '574527686', '574527726', '574527743', '574527762', '574527766', '574527801', '574527811', '574527812', '574527818', '574527823', '574527858', '574527898', '574528026', '574528031', '574528040', '574528043', '574528076', '574528123', '574528197', '574528200', '574528216', '574528287', '574528345', '574528400', '574528490', '574528909', '574529030', '574529098', '574529170', '574529262', '574529418', '574529517', '574529547', '574529753', '574529824', '574529924', '574529945', '574530152', '574530208', '574530231', '574530234', '574530437', '574530468', '574530618', '574530646', '574530783', '574530837', '574530859', '574530984', '574531025', '574531066', '574531078', '574531083', '574531395', '574531598', '574531617', '574531626', '574531793', '574531889', '574531891', '574532232', '574532299', '574532311', '574532457', '574532581', '574532630', '574532691', '574532710', '574532722', '574532749', '574532786', '574532813', '574532881', '574533041', '574533206', '574533255', '574533425', '574533426', '574533430', '574533444', '574533670', '574533729', '574533904', '574533936', '574533962', '574534095', '574534156', '574534172', '574534191', '574534192', '574534363', '574534484', '574534648', '574534743', '574535116', '574535146', '574535331', '574535339', '574535424', '574535488', '574535676', '574535765', '574535788', '574536003', '574536056', '574536066', '574536127', '574536285', '574536319', '574536326', '574536587', '574536739', '574536827', '574536837', '574536844', '574536872', '574536874', '574536889', '574536937', '574536985', '574537103', '574537119', '574537159', '574537246', '574537379', '574537446', '574537550', '574537585', '574537658', '574537666'
'574537733', '574537802', '574538013', '574538051', '574538233', '574538297', '574538528', '574538591', '574538594', '574538736', '574538804', '574538973', '574538980', '574539119', '574539445', '574539612', '574539652', '574539823', '574540092', '574540332', '574540455', '574540458', '574540833', '574540896', '574540948', '574541035', '574541326', '574541525', '574541553', '574541629', '574541779', '574542100', '574542512', '574542574', '574542858', '574542942', '574542999', '574543540', '574544378', '574544788', '574544971', '574545390', '574545431', '574545545', '574545791', '574545886', '574546163', '574546349', '574546474', '574546722', '574546724', '574546739', '574546787', '574546873', '574546892', '574546913', '574547016', '574547029', '574547036', '574547040', '574547045', '574547054', '574547056', '574547080', '574547114', '574547221', '574547245', '574547311', '574547408', '574547413', '574547424', '574547425', '574547458', '574547645', '574547770', '574547926', '574548010', '574548025', '574548283', '574548393', '574548444', '574548467', '574549188', '574549203', '574549362', '574549497', '574549807', '574550398', '574550459', '574550522', '574550787', '574550794', '574551020', '574551079', '574551227', '574551340', '574551381', '574551725', '574551791', '574552284', '574552373', '574552409', '574552414', '574552425', '574552438', '574552492', '574552556', '574552670', '574552696', '574552747', '574552779', '574552789', '574552888', '574552897', '574552931', '574553117', '574553139', '574553140', '574553167', '574553200', '574553321', '574553355', '574553638', '574553639', '574553884', '574553956', '574554098', '574554149', '574554204', '574554304', '574554802', '574554843', '574554950', '574555215', '574555371', '574555484', '574555660', '574556016', '574556116', '574556191', '574556234', '574556255', '574556273', '574556378', '574556447', '574556649', '574556650', '574556661', '574556766', '574556831', '574556832', '574556837', '574556873', '574556932', '574557081', '574557182', '574557200', '574557205', '574557295', '574557303', '574557430', '574557518', '574557558', '574557663', '574557669', '574557703', '574557857', '574557950', '574557952', '574557990', '574558242', '574558332', '574558455', '574558476', '574558478', '574558596', '574558638', '574558708', '574558857', '574558948', '574559110', '574559233', '574559271', '574559313', '574559336', '574559343', '574559392', '574559626', '574559631', '574559926', '574560080', '574560102', '574560326', '574560434', '574560481', '574560497', '574560573', '574560591', '574560615', '574560679', '574560691', '574560768', '574560953', '574560967', '574560985', '574560999', '574561015', '574561126', '574561152', '574561173', '574561261', '574561320', '574561331', '574561399', '574561526', '574561636', '574561676', '574561698', '574561706', '574561792', '574561809', '574561854', '574562115', '574562211', '574562213', '574562460', '574562473', '574562529', '574562653', '574562798', '574562842', '574562851', '574563091', '574563160', '574563194', '574563250', '574563464', '574563543', '574563645', '574563759', '574563882', '574563913', '574563961', '574564071', '574564149', '574564217', '574564380', '574564602', '574564697', '574564726', '574564761', '574564829', '574564879', '574565022', '574565058', '574565127', '574565269', '574565272', '574565282', '574565360', '574565400', '574565504', '574565526', '574565654', '574565675', '574565680', '574565725', '574565862', '574565877', '574565897', '574565913', '574565938', '574566086', '574566163', '574566352', '574566492', '574566493', '574566555', '574566583', '574566673', '574566768', '574566864', '574566923', '574567109', '574567167', '574567203', '574567327', '574567436', '574567470', '574567579', '574567633', '574567660', '574567665', '574567817', '574567921', '574567970', '574568136', '574568281', '574568306', '574568322'
